20
20
-207  -78   37  134 -173   57 -170 -120   16  -10  -67 -108   58   61 -154    4  103   -8  188   31 
-105  -89   35  142 -139  -38  -77  -92   32  -11 -115  -99    4  -74  -23 -123  -34 -169  195  -37 
 -35   72  -37   46 -143 -164  -43 -176   88  192  -46  -60 -152  -38   38  -95   15   43  158   -8 
  71  104 -135 -133  -80 -128  -18   -1   46   -3   21 -110  -28  -52   73  -86   15   34  148  200 
 238 -121  -91 -112 -104   96   74   -7  -40  -10   36  -15   41   51   78   83 -199 -194  232  159 
   5 -219   31 -155  -75   18  148 -224    5   14  -13   61    6   -3   92   80    0 -135  155   55 
 -81 -177  195  -50   71   17   20 -167  203   41 -142   87   78 -180   35  -41  133   53   50  -12 
 -27   32   43   66   29   93 -120   30   29   99 -116  193  161 -174 -155 -105  -56  201  -74 -125 
 -63  129 -117   97   27   -3 -184  180 -200   83   -5   85  108 -156  -36  -77 -161  237 -103 -171 
-104  111 -136   71   99   38  -40  155 -129  171    8 -108  148   13  157  -66  -89   73 -103 -112 
 -47   24   55  -75   -1  105  143  180   29  120 -142   25  189  113  159  -65  -47   -7  -43 -139 
  97   12   75 -109 -148   27  124  182  -43  -57 -109   66    2   54  143   79  -85  -51  -71  -74 
 -47  207  -40  -36    5  -60   48  -25 -147 -129  125    1 -110   75  159  -46 -107    2 -156  -32 
-209  151   16  -14  162  -28   25  -88   34  -80   46  -22 -100  -48  118 -175 -115   75   60  -56 
-157  118  -40  -23  -39  -51   22  105    4  -92 -141   17 -154  -29  -38    6   49  101   79 -116 
 -59   62   50   77  -56   91  102   -9   28 -137 -191  173    4  163 -171  155  166    3   34 -197 
  88  -27   52  108   86   89   30 -203  215    2 -230  141  147  167  -19   36  198 -161  166 -110 
 159  -74   29  -80  -48   83 -180  -45  147   96  -94  109   87  182  153  -37  131   50  118  115 
  98   11   62    8 -193   40  -15   -1   48  -51 -101   50   48    9   30  -81  -23  220   -3   11 
  45   88  -19  124 -125  -72   85  -48    7  -58 -118   -8   20 -113  -24 -107  -35  120   -4 -110 
20
-191 -109  122  250 -222    4 -201 -186   92  101 -147 -131  -47   51 -134  -14   29  -84  305  -83 
-156   14  -87   72 -233 -149  -89 -202   44   70  -81 -136  -43 -102   -5 -200   55  -50  236   69 
  87   73  -50  -17 -129 -181  -49  -67  122  108  -59 -133 -133  -62   93 -104  -59  -42  265   86 
 187  -18 -213 -182 -198  -15   62 -117  -28   71   70  -52   -6   23   96    6 -110  -75  273  265 
 127 -218   18 -218  -61    1  142 -115   39  -70  -26  -12   25  -27  147   71  -74 -220  262  149 
  35 -299  117  -99  -47  130  100 -283  129  115  -93  145  100 -105   58   51    8  -56  175   53 
-138  -65  152  -40   72   -2  -52  -78  108   39 -178  196  145 -252  -86 -117   69  175  -44 -135 
 -33   49  -31  153   55  109 -232  121  -76  184  -85  169  202 -258  -70 -106 -153  316  -83 -173 
-161  223 -179   81  100   19 -112  244 -224  169  -28    1  215  -59   36 -142 -153  195 -197 -235 
 -53   41  -19   12   25  121   31  271  -76  205 -111    1  230   29  244  -66 -144  108  -52 -187 
  -1  106   13 -125  -75   49  196  246  -67   29 -132  -18  109  151  215   14  -77  -93 -165 -138 
   4  137   77  -95  -69   23  119   91  -94  -95    6  110  -28   91  246  -46 -162   37 -105 -107 
-163  233  -26  -64   88  -84   78  -22  -62 -171   56  -65 -180  -10  174  -96 -145  -11  -62  -55 
-250  243  -38   -9   40  -55   17   14  -47 -130  -26   61 -184    8   65 -119  -28  189   45 -149 
-175   88   64   49   27   67  132   -6  113 -179 -260  107  -66   78 -156  105  128  -10  128 -220 
  47   65   -2  113  -36   62   22 -101  134  -48 -302  224   63  223  -72   92  285  -47  151 -203 
 141 -104  133   -8   18  201  -70 -156  256    9 -213  199  175  289   35   62  210  -61  167   11 
 204   14   10   44 -173   11  -95  -93  154   38 -212  101  107   69  129 -144   96  170  114    5 
  98   11   62    8 -193   40  -15   -1   48  -51 -101   50   48    9   30  -81  -23  220   -3   11 
  45   88  -19  124 -125  -72   85  -48    7  -58 -118   -8   20 -113  -24 -107  -35  120   -4 -110 
20
-242   -6    0  180 -316 -107 -213 -296  104  182 -113 -168  -94   23 -116  -91  118   35  346   23 
 -34   15 -100    9 -219 -166  -95  -93   78  -14  -94 -209  -24 -126   50 -209  -19 -135  343  163 
 203  -49 -128  -66 -247  -68   31 -183   48  182  -10  -75 -111   13  116  -12 -184 -151  390  151 
  76 -115 -104 -288 -155 -110  130 -225   51   11    8  -49  -22  -55  165   -6   15 -101  303  255 
 157 -298  104 -162  -33  113   94 -174  163   31 -106   72  119 -129  113   42  -66 -141  282  147 
 -22 -187   74  -89  -46  111   28 -194   34  113 -129  254  167 -177  -63  -25  -56   66   81  -70 
-144  -48   78   47   98   14 -164   13    3  124 -147  172  186 -336   -1 -118  -28  290  -53 -183 
-131  143  -93  137  128  131 -160  185 -100  270 -108   85  309 -161    2 -171 -145  274 -177 -237 
-110  153  -62   22   26  102  -41  360 -171  203 -147  110  297  -43  123 -142 -208  230 -146 -310 
  -7  123  -61  -38  -49   65   84  337 -172  114 -101  -42  150   67  300   13 -174   22 -174 -186 
 -94  231   15 -111    4   45  191  155 -118   -9  -17   26   79  188  318 -111 -154   -5 -199 -171 
-112  163   91 -123   14   -1  149   94   -9 -137  -63   44  -98    6  261  -96 -200   24  -11 -130 
-204  325  -80  -59  -34 -111   70   80 -143 -221  -16   18 -264   46  121  -40  -58  103  -77 -148 
-268  213   66   63  106   63  127  -97   62 -217 -145  151  -96  115  -53  -20   51   78   94 -253 
 -69   91   12   85   47   38   52  -98  219  -90 -371  158   -7  138  -57   42  247  -60  245 -226 
 100  -12   79   -3 -104  174  -78  -54  175  -41 -285  282   91  345  -18  118  297   53  152  -82 
 186  -16  114  116 -107  129   15 -204  263  -49 -331  191  195  176   11  -45  175   59  163  -99 
 204   14   10   44 -173   11  -95  -93  154   38 -212  101  107   69  129 -144   96  170  114    5 
  98   11   62    8 -193   40  -15   -1   48  -51 -101   50   48    9   30  -81  -23  220   -3   11 
  45   88  -19  124 -125  -72   85  -48    7  -58 -118   -8   20 -113  -24 -107  -35  120   -4 -110 
20
-120   -5  -13  117 -302 -124 -219 -187  138   98 -126 -241  -75   -1  -61 -100   44  -50  453  117 
  82 -107 -178  -40 -337  -53  -15 -209    4   60  -45 -151   -2  -51   73 -117 -144 -244  468  228 
  92 -146  -19 -172 -204 -163   99 -291  127  122  -72  -72 -127  -65  185  -24  -59 -177  420  141 
 106 -195  -18 -232 -127    2   82 -284  175  112  -72   35   72 -157  131  -35   23  -22  323  253 
 100 -186   61 -152  -32   94   22  -85   68   29 -142  181  186 -201   -8  -34 -130  -19  188   24 
 -28 -170    0   -2  -20  127  -84 -103  -71  198  -98  230  208 -261   22  -26 -153  181   72 -118 
-242   46   16   31  171   36  -92   77  -21  210 -170   88  293 -239   71 -183  -20  248 -147 -247 
 -80   73   24   78   54  214  -89  301  -47  304 -227  194  391 -145   89 -171 -200  309 -126 -312 
 -64  235 -104  -28  -48   46   12  426 -267  112 -137   67  217   -5  179  -63 -238  144 -268 -309 
-100  248  -59  -24   30   61   79  246 -223   76   14    2  120  104  403 -112 -251  110 -208 -219 
-210  257   29 -139   87   21  221  158  -33  -51  -86  -40    9  103  333 -161 -192  -18 -105 -194 
-153  255   37 -118 -108  -28  141  196  -90 -187 -135  127 -182   62  208  -40 -113  138  -26 -223 
-222  295   24   13   32    7  180  -31  -34 -308 -135  108 -176  153    3   59   21   -8  -28 -252 
-162  216   14   99  126   34   47 -189  168 -128 -256  202  -37  175   46  -83  170   28  211 -259 
 -16   14   93  -31  -21  150  -48  -51  260  -83 -354  216   21  260   -3   68  259   40  246 -105 
 145   76   60  121 -229  102    7 -102  182  -99 -403  274  111  232  -42   11  262  173  148 -192 
 186  -16  114  116 -107  129   15 -204  263  -49 -331  191  195  176   11  -45  175   59  163  -99 
 204   14   10   44 -173   11  -95  -93  154   38 -212  101  107   69  129 -144   96  170  114    5 
  98   11   62    8 -193   40  -15   -1   48  -51 -101   50   48    9   30  -81  -23  220   -3   11 
  45   88  -19  124 -125  -72   85  -48    7  -58 -118   -8   20 -113  -24 -107  -35  120   -4 -110 
20
  -4 -127  -91   68 -420  -11 -139 -303   64  172  -77 -183  -53   74  -38   -8  -81 -159  578  182 
 -29 -204  -69 -146 -294 -148   53 -317   83    0 -107 -148  -18 -129  142 -129  -19 -270  498  218 
 122 -226   67 -116 -176  -51   51 -350  251  223 -152   12  -33 -167  151  -53  -51  -98  440  139 
  49  -83  -61 -222 -126  -17   10 -195   80  110 -108  144  139 -229   10 -111  -41  100  229  130 
  94 -169  -13  -65   -6  110  -90    6  -37  114 -111  157  227 -285   77  -35 -227   96  179  -24 
-126  -76  -62  -18   53  149  -12  -39  -95  284 -121  146  315 -164   94  -91 -145  139  -22 -182 
-191  -24  133  -28   97  119  -21  193   32  244 -289  197  375 -223  158 -183  -75  283  -96 -322 
 -34  155  -18   28  -20  158  -36  367 -143  213 -217  151  311 -107  145  -92 -230  223 -248 -311 
-157  360 -102  -14   31   42    7  335 -318   74  -22  111  187   32  282 -188 -315  232 -302 -342 
-216  274  -45  -52  113   37  109  249 -138   34  -55  -64   50   19  418 -162 -289   97 -114 -242 
-251  349  -25 -134  -35   -6  213  260 -114 -101 -158   43  -75  159  280 -105 -105   96 -120 -287 
-171  225  141  -46  -42   90  251   85   19 -274 -254  217  -94  169   90   59  -34   27   23 -327 
-116  298  -28   49   52  -22  100 -123   72 -219 -246  159 -117  213  102   -4  140  -58   89 -258 
-109  139   95  -17   58  146  -53 -142  209 -121 -239  260   -9  297  100  -57  182  128  212 -138 
  29  102   74   93 -146   78   37  -99  267 -141 -472  208   41  147  -27  -39  224  160  242 -215 
 145   76   60  121 -229  102    7 -102  182  -99 -403  274  111  232  -42   11  262  173  148 -192 
 186  -16  114  116 -107  129   15 -204  263  -49 -331  191  195  176   11  -45  175   59  163  -99 
 204   14   10   44 -173   11  -95  -93  154   38 -212  101  107   69  129 -144   96  170  114    5 
  98   11   62    8 -193   40  -15   -1   48  -51 -101   50   48    9   30  -81  -23  220   -3   11 
  45   88  -19  124 -125  -72   85  -48    7  -58 -118   -8   20 -113  -24 -107  -35  120   -4 -110 
20
-115 -224   18  -38 -377 -106  -71 -411  143  112 -139 -180  -69   -4   31  -20   44 -185  608  172 
   1 -284   17  -90 -266  -36    5 -376  207  101 -187  -64   76 -231  108 -158  -11 -191  518  216 
  65 -114   24 -106 -175  -70  -21 -261  156  221 -188  121   34 -239   30 -129 -115   24  346   16 
  43  -66 -135 -135 -100   -1 -102 -104  -25  195  -77  120  180 -313   95 -112 -138  215  220   82 
  -4  -75  -75  -81   67  132  -18   70  -61  200 -134   73  334 -188  149 -100 -219   54   85  -88 
 -75 -146   55  -77  -21  232   59   77  -42  318 -240  255  397 -148  181  -91 -200  174   29 -257 
-145   58   91  -78   23   63   32  259  -64  153 -279  154  295 -185  214 -104 -105  197 -218 -321 
-127  280  -16   42   59  154  -41  276 -194  175 -102  195  281  -70  248 -217 -307  311 -282 -344 
-273  386  -88  -42  114   18   37  338 -233   32  -91   45  117  -53  297 -238 -353  219 -208 -365 
-257  366  -99  -47   -9   10  101  351 -219  -16 -127   19  -34   75  365 -106 -202  211 -129 -335 
-269  319   79  -62   31  112  323  149   -5 -188 -277  133   13  266  162   -6  -26  -15  -71 -391 
 -65  228   89  -10  -22   61  171   -7  125 -185 -365  268  -35  229  189   -4   85  -23  140 -333 
 -63  221   53  -67  -16   90    0  -76  113 -212 -229  217  -89  335  156   22  152   42   90 -137 
 -64  227   76  107  -67   74   32 -190  216 -179 -357  252   11  184   76 -164  147  248  208 -248 
  29  102   74   93 -146   78   37  -99  267 -141 -472  208   41  147  -27  -39  224  160  242 -215 
 145   76   60  121 -229  102    7 -102  182  -99 -403  274  111  232  -42   11  262  173  148 -192 
 186  -16  114  116 -107  129   15 -204  263  -49 -331  191  195  176   11  -45  175   59  163  -99 
 204   14   10   44 -173   11  -95  -93  154   38 -212  101  107   69  129 -144   96  170  114    5 
  98   11   62    8 -193   40  -15   -1   48  -51 -101   50   48    9   30  -81  -23  220   -3   11 
  45   88  -19  124 -125  -72   85  -48    7  -58 -118   -8   20 -113  -24 -107  -35  120   -4 -110 
20
 -85 -304  104   18 -349    6 -119 -470  267  213 -219  -96   25 -106   -3  -49   52 -106  628  170 
 -56 -172  -26  -80 -265  -55  -67 -287  112   99 -223   45  143 -303  -13 -234  -75  -69  424   93 
  59  -97  -50  -19 -149  -54 -133 -170   51  306 -157   97   75 -323  115 -130 -212  139  337  -32 
 -55   28 -197 -151  -27   21  -30  -40  -49  281 -100   36  287 -216  167 -177 -130  173  126   18 
  47 -145   42 -140   -7  215   53  186   -8  234 -253  182  416 -172  236 -100 -274   89  136 -163 
 -29  -64   13 -127  -95  176  112  143 -138  227 -230  212  317 -110  237  -12 -230   88  -93 -256 
-238  183   93  -64  102   59   27  168 -115  115 -164  198  265 -148  317 -229 -182  285 -252 -354 
-243  306   -2   14  142  130  -11  279 -109  133 -171  129  211 -155  263 -267 -345  298 -188 -367 
-314  478 -142  -37   -8   -9   29  440 -314  -18 -163  128   33    3  244 -182 -266  333 -223 -458 
-275  336    5   25   57  128  211  240 -110 -103 -246  109   54  182  247   -7 -123  100  -80 -439 
-163  322   27  -26   51   83  243   57  101  -99 -388  184   72  326  261  -69   93  -65   46 -397 
 -12  151  170 -126  -90  173   71   40  166 -178 -348  326   -7  351  243   22   97   77  141 -212 
 -18  309   34   57 -141   18   85 -124  120 -270 -347  209  -69  222  132  -85  117  162   86 -247 
 -64  227   76  107  -67   74   32 -190  216 -179 -357  252   11  184   76 -164  147  248  208 -248 
  29  102   74   93 -146   78   37  -99  267 -141 -472  208   41  147  -27  -39  224  160  242 -215 
 145   76   60  121 -229  102    7 -102  182  -99 -403  274  111  232  -42   11  262  173  148 -192 
 186  -16  114  116 -107  129   15 -204  263  -49 -331  191  195  176   11  -45  175   59  163  -99 
 204   14   10   44 -173   11  -95  -93  154   38 -212  101  107   69  129 -144   96  170  114    5 
  98   11   62    8 -193   40  -15   -1   48  -51 -101   50   48    9   30  -81  -23  220   -3   11 
  45   88  -19  124 -125  -72   85  -48    7  -58 -118   -8   20 -113  -24 -107  -35  120   -4 -110 
20
-142 -192   61   28 -348  -13 -191 -381  172  211 -255   13   92 -178 -124 -125  -12   16  534   47 
 -62 -155 -100    7 -239  -39 -179 -196    7  184 -192   21  184 -387   72 -235 -172   46  415   45 
 -39   -3 -112  -35  -76  -32  -61 -106   27  392 -180   13  182 -226  187 -195 -204   97  243  -96 
  -4  -42  -80 -210 -101  104   41   76    4  315 -219  145  369 -200  254 -177 -185  208  177  -57 
  93  -63    0 -190  -81  159  106  252 -104  143 -243  139  336 -134  292  -21 -304    3   14 -162 
-122   61   15 -113  -16  172  107   52 -189  189 -115  256  287  -73  340 -137 -307  176 -127 -289 
-354  209  107  -92  185   35   57  171  -30   73 -233  132  195 -233  332 -279 -220  272 -158 -377 
-284  398  -56   19   20  103  -19  381 -190   83 -243  212  127  -99  210 -211 -258  412 -203 -460 
-332  448  -38   35   58  109  139  329 -205 -105 -282  218  121  110  126  -83 -187  222 -174 -562 
-169  339  -47   61   77   99  131  148   -4  -14 -357  160  113  242  346  -70   -4   50   37 -445 
-110  245  108 -142  -17  195  143  104  142  -92 -371  242  100  448  315  -43  105   35   47 -276 
  33  239  151   -2 -215  101  156   -8  173 -236 -466  318   13  238  219  -85   62  197  137 -322 
 -18  309   34   57 -141   18   85 -124  120 -270 -347  209  -69  222  132  -85  117  162   86 -247 
 -64  227   76  107  -67   74   32 -190  216 -179 -357  252   11  184   76 -164  147  248  208 -248 
  29  102   74   93 -146   78   37  -99  267 -141 -472  208   41  147  -27  -39  224  160  242 -215 
 145   76   60  121 -229  102    7 -102  182  -99 -403  274  111  232  -42   11  262  173  148 -192 
 186  -16  114  116 -107  129   15 -204  263  -49 -331  191  195  176   11  -45  175   59  163  -99 
 204   14   10   44 -173   11  -95  -93  154   38 -212  101  107   69  129 -144   96  170  114    5 
  98   11   62    8 -193   40  -15   -1   48  -51 -101   50   48    9   30  -81  -23  220   -3   11 
  45   88  -19  124 -125  -72   85  -48    7  -58 -118   -8   20 -113  -24 -107  -35  120   -4 -110 
20
-148 -175  -13  115 -322    3 -303 -290   67  296 -224  -11  133 -262  -39 -126 -109  131  525   -1 
-160  -61 -162   -9 -166  -17 -107 -132  -17  270 -215  -63  291 -290  144 -300 -164    4  321  -19 
  12  -73    5  -94 -150   51   10   10   80  426 -299  122  264 -210  274 -195 -259  132  294 -171 
  42   40 -122 -260 -175   48   94  142  -92  224 -209  102  289 -162  310  -98 -215  122   55  -56 
   0   62    2 -176   -2  155  101  161 -155  105 -128  183  306  -97  395 -146 -381   91  -20 -195 
-238   87   29 -141   67  148  137   55 -104  147 -184  190  217 -158  355 -187 -345  163  -33 -312 
-395  301   53  -87   63    8   49  273 -111   23 -305  215  111 -177  279 -223 -133  386 -173 -470 
-302  368   48   91   86  221   91  270  -81   -4 -362  302  215    8   92 -112 -179  301 -154 -564 
-226  451  -90   71   78   80   59  237  -99  -16 -393  269  180  170  225 -146  -68  172  -57 -568 
-116  262   34  -55    9  211   31  195   37   -7 -340  218  141  364  400  -44    8  150   38 -324 
 -65  333   89  -18 -142  123  228   56  149 -150 -489  234  120  335  291 -150   70  155   43 -386 
  33  239  151   -2 -215  101  156   -8  173 -236 -466  318   13  238  219  -85   62  197  137 -322 
 -18  309   34   57 -141   18   85 -124  120 -270 -347  209  -69  222  132  -85  117  162   86 -247 
 -64  227   76  107  -67   74   32 -190  216 -179 -357  252   11  184   76 -164  147  248  208 -248 
  29  102   74   93 -146   78   37  -99  267 -141 -472  208   41  147  -27  -39  224  160  242 -215 
 145   76   60  121 -229  102    7 -102  182  -99 -403  274  111  232  -42   11  262  173  148 -192 
 186  -16  114  116 -107  129   15 -204  263  -49 -331  191  195  176   11  -45  175   59  163  -99 
 204   14   10   44 -173   11  -95  -93  154   38 -212  101  107   69  129 -144   96  170  114    5 
  98   11   62    8 -193   40  -15   -1   48  -51 -101   50   48    9   30  -81  -23  220   -3   11 
  45   88  -19  124 -125  -72   85  -48    7  -58 -118   -8   20 -113  -24 -107  -35  120   -4 -110 
20
-246  -81  -75   99 -249   25 -231 -226   43  382 -247  -95  240 -165   33 -191 -101   89  431  -65 
-109 -131  -45  -68 -240   66  -36  -16   36  304 -334   46  373 -274  231 -300 -219   39  372  -94 
  58    9  -37 -144 -224   -5   63   76  -16  335 -289   79  184 -172  330 -116 -289   46  172 -170 
 -51  165 -120 -246  -96   44   89   51 -143  186  -94  146  259 -125  413 -223 -292  210   21  -89 
-116   88   16 -204   81  131  131  164  -70   63 -197  117  236 -182  410 -196 -419   78   74 -218 
-279  179  -25 -136  -55  121  129  157 -185   97 -256  273  133 -102  302 -131 -258  277  -48 -405 
-413  271  157  -15  129  126  159  162   -2  -64 -424  305  199  -70  161 -124  -54  275 -124 -574 
-196  371   -4  127  106  192   11  178   25   85 -473  353  274   68  191 -175  -60  251  -37 -570 
-173  374   -9  -45   10  192  -41  284  -58   -9 -376  327  208  292  279 -120  -56  272  -56 -447 
 -71  350   15   69 -116  139  116  147   44  -65 -458  210  161  251  376 -151  -27  270   34 -434 
 -65  333   89  -18 -142  123  228   56  149 -150 -489  234  120  335  291 -150   70  155   43 -386 
  33  239  151   -2 -215  101  156   -8  173 -236 -466  318   13  238  219  -85   62  197  137 -322 
 -18  309   34   57 -141   18   85 -124  120 -270 -347  209  -69  222  132  -85  117  162   86 -247 
 -64  227   76  107  -67   74   32 -190  216 -179 -357  252   11  184   76 -164  147  248  208 -248 
  29  102   74   93 -146   78   37  -99  267 -141 -472  208   41  147  -27  -39  224  160  242 -215 
 145   76   60  121 -229  102    7 -102  182  -99 -403  274  111  232  -42   11  262  173  148 -192 
 186  -16  114  116 -107  129   15 -204  263  -49 -331  191  195  176   11  -45  175   59  163  -99 
 204   14   10   44 -173   11  -95  -93  154   38 -212  101  107   69  129 -144   96  170  114    5 
  98   11   62    8 -193   40  -15   -1   48  -51 -101   50   48    9   30  -81  -23  220   -3   11 
  45   88  -19  124 -125  -72   85  -48    7  -58 -118   -8   20 -113  -24 -107  -35  120   -4 -110 
20
-195 -151   42   40 -323  108 -160 -110   96  416 -366   14  322 -149  120 -191 -156  124  482 -140 
 -63  -49  -87 -118 -314   10   17   50  -60  213 -324    3  293 -236  287 -221 -249  -47  250  -93 
 -35  134  -35 -130 -145   -9   58  -15  -67  297 -174  123  154 -135  433 -241 -366  134  138 -203 
-167  191 -106 -274  -13   20  119   54  -58  144 -163   80  189 -210  428 -273 -330  197  115 -112 
-157  180  -38 -199  -41  104  123  266 -151   13 -269  200  152 -126  357 -140 -332  192   59 -311 
-297  149   79  -64   11  239  239   46  -76   10 -375  363  221    5  184  -32 -179  166    1 -509 
-307  274  105   21  149   97   79   70  104   25 -535  356  258  -10  260 -187   65  225   -7 -580 
-143  294   77   11   38  304  -89  225   66   92 -456  411  302  190  245 -149  -48  351  -36 -449 
-128  462  -28   79 -115  120   44  236  -51  -67 -494  319  228  179  255 -227  -91  392  -60 -557 
 -71  350   15   69 -116  139  116  147   44  -65 -458  210  161  251  376 -151  -27  270   34 -434 
 -65  333   89  -18 -142  123  228   56  149 -150 -489  234  120  335  291 -150   70  155   43 -386 
  33  239  151   -2 -215  101  156   -8  173 -236 -466  318   13  238  219  -85   62  197  137 -322 
 -18  309   34   57 -141   18   85 -124  120 -270 -347  209  -69  222  132  -85  117  162   86 -247 
 -64  227   76  107  -67   74   32 -190  216 -179 -357  252   11  184   76 -164  147  248  208 -248 
  29  102   74   93 -146   78   37  -99  267 -141 -472  208   41  147  -27  -39  224  160  242 -215 
 145   76   60  121 -229  102    7 -102  182  -99 -403  274  111  232  -42   11  262  173  148 -192 
 186  -16  114  116 -107  129   15 -204  263  -49 -331  191  195  176   11  -45  175   59  163  -99 
 204   14   10   44 -173   11  -95  -93  154   38 -212  101  107   69  129 -144   96  170  114    5 
  98   11   62    8 -193   40  -15   -1   48  -51 -101   50   48    9   30  -81  -23  220   -3   11 
  45   88  -19  124 -125  -72   85  -48    7  -58 -118   -8   20 -113  -24 -107  -35  120   -4 -110 
20
-149  -69    0  -10 -397   52 -107  -44    0  325 -356  -29  242 -111  176 -112 -186   38  360 -139 
-156   76  -85 -104 -235    6   12  -41 -111  175 -209   47  263 -199  390 -346 -326   41  216 -126 
-151  160  -21 -158  -62  -33   88  -12   18  255 -243   57   84 -220  448 -291 -404  121  232 -226 
-208  283 -160 -269 -135   -7  111  156 -139   94 -235  163  105 -154  375 -217 -243  311  100 -205 
-175  150   66 -127   25  222  233  155  -42  -74 -388  290  240  -19  239  -41 -253   81  108 -415 
-191  152   27  -28   31  210  159  -46   30   99 -486  414  280   65  283  -95  -60  116  118 -515 
-254  197  186  -95   81  209  -21  117  145   32 -518  414  286  112  314 -161   77  325   -6 -459 
 -98  382   58  135  -87  232   -4  177   73   34 -574  403  322   77  221 -256  -83  471  -40 -559 
-128  462  -28   79 -115  120   44  236  -51  -67 -494  319  228  179  255 -227  -91  392  -60 -557 
 -71  350   15   69 -116  139  116  147   44  -65 -458  210  161  251  376 -151  -27  270   34 -434 
 -65  333   89  -18 -142  123  228   56  149 -150 -489  234  120  335  291 -150   70  155   43 -386 
  33  239  151   -2 -215  101  156   -8  173 -236 -466  318   13  238  219  -85   62  197  137 -322 
 -18  309   34   57 -141   18   85 -124  120 -270 -347  209  -69  222  132  -85  117  162   86 -247 
 -64  227   76  107  -67   74   32 -190  216 -179 -357  252   11  184   76 -164  147  248  208 -248 
  29  102   74   93 -146   78   37  -99  267 -141 -472  208   41  147  -27  -39  224  160  242 -215 
 145   76   60  121 -229  102    7 -102  182  -99 -403  274  111  232  -42   11  262  173  148 -192 
 186  -16  114  116 -107  129   15 -204  263  -49 -331  191  195  176   11  -45  175   59  163  -99 
 204   14   10   44 -173   11  -95  -93  154   38 -212  101  107   69  129 -144   96  170  114    5 
  98   11   62    8 -193   40  -15   -1   48  -51 -101   50   48    9   30  -81  -23  220   -3   11 
  45   88  -19  124 -125  -72   85  -48    7  -58 -118   -8   20 -113  -24 -107  -35  120   -4 -110 
20
-242   56    2    4 -318   48 -112 -135  -51  287 -241   15  212  -74  279 -237 -263  126  326 -172 
-272  102  -71 -132 -152  -18   42  -38  -26  133 -278  -19  193 -284  405 -396 -364   28  310 -149 
-192  252  -75 -153 -184  -60   80   90  -63  205 -315  140    0 -164  395 -235 -317  235  217 -319 
-226  253  -56 -197  -69  111  221   45  -30    7 -354  253  193  -47  257 -118 -164  200  149 -309 
 -69  153   14  -91   45  193  153   63   64   15 -499  341  299   41  338 -104 -134   31  225 -421 
-138   75  108 -144  -37  322   59    1   71  106 -469  472  308  187  337  -69  -48  216  119 -394 
-209  285  167   29  -44  137   64   69  152  -26 -636  406  306   -1  290 -268   42  445  -10 -569 
 -98  382   58  135  -87  232   -4  177   73   34 -574  403  322   77  221 -256  -83  471  -40 -559 
-128  462  -28   79 -115  120   44  236  -51  -67 -494  319  228  179  255 -227  -91  392  -60 -557 
 -71  350   15   69 -116  139  116  147   44  -65 -458  210  161  251  376 -151  -27  270   34 -434 
 -65  333   89  -18 -142  123  228   56  149 -150 -489  234  120  335  291 -150   70  155   43 -386 
  33  239  151   -2 -215  101  156   -8  173 -236 -466  318   13  238  219  -85   62  197  137 -322 
 -18  309   34   57 -141   18   85 -124  120 -270 -347  209  -69  222  132  -85  117  162   86 -247 
 -64  227   76  107  -67   74   32 -190  216 -179 -357  252   11  184   76 -164  147  248  208 -248 
  29  102   74   93 -146   78   37  -99  267 -141 -472  208   41  147  -27  -39  224  160  242 -215 
 145   76   60  121 -229  102    7 -102  182  -99 -403  274  111  232  -42   11  262  173  148 -192 
 186  -16  114  116 -107  129   15 -204  263  -49 -331  191  195  176   11  -45  175   59  163  -99 
 204   14   10   44 -173   11  -95  -93  154   38 -212  101  107   69  129 -144   96  170  114    5 
  98   11   62    8 -193   40  -15   -1   48  -51 -101   50   48    9   30  -81  -23  220   -3   11 
  45   88  -19  124 -125  -72   85  -48    7  -58 -118   -8   20 -113  -24 -107  -35  120   -4 -110 
20
-358   82   16  -24 -235   24  -82 -132   34  245 -310  -51  142 -159  294 -287 -301  113  420 -195 
-313  194 -125 -127 -274  -45   34   64 -107   83 -350   64  109 -228  352 -340 -277  142  295 -242 
-210  222   29  -81 -118   58  190  -21   46  118 -434  230   88  -57  277 -136 -238  124  266 -423 
-120  256 -108 -161  -49   82  141  -47   76   96 -465  304  252   13  356 -181  -45  150  266 -315 
 -16   76   95 -207  -23  305   53  110  105   22 -482  399  327  163  392  -78 -122  131  226 -300 
 -93  163   89  -20 -162  250  144  -47   78   48 -587  464  328   74  313 -176  -83  336  115 -504 
-209  285  167   29  -44  137   64   69  152  -26 -636  406  306   -1  290 -268   42  445  -10 -569 
 -98  382   58  135  -87  232   -4  177   73   34 -574  403  322   77  221 -256  -83  471  -40 -559 
-128  462  -28   79 -115  120   44  236  -51  -67 -494  319  228  179  255 -227  -91  392  -60 -557 
 -71  350   15   69 -116  139  116  147   44  -65 -458  210  161  251  376 -151  -27  270   34 -434 
 -65  333   89  -18 -142  123  228   56  149 -150 -489  234  120  335  291 -150   70  155   43 -386 
  33  239  151   -2 -215  101  156   -8  173 -236 -466  318   13  238  219  -85   62  197  137 -322 
 -18  309   34   57 -141   18   85 -124  120 -270 -347  209  -69  222  132  -85  117  162   86 -247 
 -64  227   76  107  -67   74   32 -190  216 -179 -357  252   11  184   76 -164  147  248  208 -248 
  29  102   74   93 -146   78   37  -99  267 -141 -472  208   41  147  -27  -39  224  160  242 -215 
 145   76   60  121 -229  102    7 -102  182  -99 -403  274  111  232  -42   11  262  173  148 -192 
 186  -16  114  116 -107  129   15 -204  263  -49 -331  191  195  176   11  -45  175   59  163  -99 
 204   14   10   44 -173   11  -95  -93  154   38 -212  101  107   69  129 -144   96  170  114    5 
  98   11   62    8 -193   40  -15   -1   48  -51 -101   50   48    9   30  -81  -23  220   -3   11 
  45   88  -19  124 -125  -72   85  -48    7  -58 -118   -8   20 -113  -24 -107  -35  120   -4 -110 
20
-399  174  -38  -19 -357   -3  -90  -30  -47  195 -382   32   58 -103  241 -231 -214  227  405 -288 
-331  164  -21  -55 -208   73  144  -47    2   -4 -469  154  197 -121  234 -241 -198   31  344 -346 
-104  225  -23  -45  -98   29  110 -113  152  207 -545  281  147    3  376 -199 -119   74  383 -429 
 -67  179  -27 -277 -117  194   41    0  117  103 -448  362  280  135  410 -155  -33  250  267 -194 
  29  164   76  -83 -148  233  138   62  112  -36 -600  391  347   50  368 -185 -157  251  222 -410 
 -93  163   89  -20 -162  250  144  -47   78   48 -587  464  328   74  313 -176  -83  336  115 -504 
-209  285  167   29  -44  137   64   69  152  -26 -636  406  306   -1  290 -268   42  445  -10 -569 
 -98  382   58  135  -87  232   -4  177   73   34 -574  403  322   77  221 -256  -83  471  -40 -559 
-128  462  -28   79 -115  120   44  236  -51  -67 -494  319  228  179  255 -227  -91  392  -60 -557 
 -71  350   15   69 -116  139  116  147   44  -65 -458  210  161  251  376 -151  -27  270   34 -434 
 -65  333   89  -18 -142  123  228   56  149 -150 -489  234  120  335  291 -150   70  155   43 -386 
  33  239  151   -2 -215  101  156   -8  173 -236 -466  318   13  238  219  -85   62  197  137 -322 
 -18  309   34   57 -141   18   85 -124  120 -270 -347  209  -69  222  132  -85  117  162   86 -247 
 -64  227   76  107  -67   74   32 -190  216 -179 -357  252   11  184   76 -164  147  248  208 -248 
  29  102   74   93 -146   78   37  -99  267 -141 -472  208   41  147  -27  -39  224  160  242 -215 
 145   76   60  121 -229  102    7 -102  182  -99 -403  274  111  232  -42   11  262  173  148 -192 
 186  -16  114  116 -107  129   15 -204  263  -49 -331  191  195  176   11  -45  175   59  163  -99 
 204   14   10   44 -173   11  -95  -93  154   38 -212  101  107   69  129 -144   96  170  114    5 
  98   11   62    8 -193   40  -15   -1   48  -51 -101   50   48    9   30  -81  -23  220   -3   11 
  45   88  -19  124 -125  -72   85  -48    7  -58 -118   -8   20 -113  -24 -107  -35  120   -4 -110 
20
-417  144   66   53 -291  115   20 -141   62  108 -501  122  146    4  123 -132 -135  116  454 -392 
-225  167  -73  -19 -188   44   64 -139  108   85 -580  205  256  -61  333 -304  -79  -19  461 -352 
 -51  148   58 -161 -166  141   10  -66  193  214 -528  339  175  125  430 -173 -107  174  384 -308 
 -22  267  -46 -153 -242  122  126  -48  124   45 -566  354  300   22  386 -262  -68  370  263 -304 
  29  164   76  -83 -148  233  138   62  112  -36 -600  391  347   50  368 -185 -157  251  222 -410 
 -93  163   89  -20 -162  250  144  -47   78   48 -587  464  328   74  313 -176  -83  336  115 -504 
-209  285  167   29  -44  137   64   69  152  -26 -636  406  306   -1  290 -268   42  445  -10 -569 
 -98  382   58  135  -87  232   -4  177   73   34 -574  403  322   77  221 -256  -83  471  -40 -559 
-128  462  -28   79 -115  120   44  236  -51  -67 -494  319  228  179  255 -227  -91  392  -60 -557 
 -71  350   15   69 -116  139  116  147   44  -65 -458  210  161  251  376 -151  -27  270   34 -434 
 -65  333   89  -18 -142  123  228   56  149 -150 -489  234  120  335  291 -150   70  155   43 -386 
  33  239  151   -2 -215  101  156   -8  173 -236 -466  318   13  238  219  -85   62  197  137 -322 
 -18  309   34   57 -141   18   85 -124  120 -270 -347  209  -69  222  132  -85  117  162   86 -247 
 -64  227   76  107  -67   74   32 -190  216 -179 -357  252   11  184   76 -164  147  248  208 -248 
  29  102   74   93 -146   78   37  -99  267 -141 -472  208   41  147  -27  -39  224  160  242 -215 
 145   76   60  121 -229  102    7 -102  182  -99 -403  274  111  232  -42   11  262  173  148 -192 
 186  -16  114  116 -107  129   15 -204  263  -49 -331  191  195  176   11  -45  175   59  163  -99 
 204   14   10   44 -173   11  -95  -93  154   38 -212  101  107   69  129 -144   96  170  114    5 
  98   11   62    8 -193   40  -15   -1   48  -51 -101   50   48    9   30  -81  -23  220   -3   11 
  45   88  -19  124 -125  -72   85  -48    7  -58 -118   -8   20 -113  -24 -107  -35  120   -4 -110 
20
-311  147   14   89 -271   86  -60 -233  168  197 -612  173  205   64  222 -195  -16   66  571 -398 
-172   90    8 -135 -256  156  -36  -92  149   92 -563  263  284   61  387 -278  -67   81  462 -231 
  -6  236   39  -37 -291   69   95 -114  200  156 -646  331  195   12  406 -280 -142  294  380 -418 
 -22  267  -46 -153 -242  122  126  -48  124   45 -566  354  300   22  386 -262  -68  370  263 -304 
  29  164   76  -83 -148  233  138   62  112  -36 -600  391  347   50  368 -185 -157  251  222 -410 
 -93  163   89  -20 -162  250  144  -47   78   48 -587  464  328   74  313 -176  -83  336  115 -504 
-209  285  167   29  -44  137   64   69  152  -26 -636  406  306   -1  290 -268   42  445  -10 -569 
 -98  382   58  135  -87  232   -4  177   73   34 -574  403  322   77  221 -256  -83  471  -40 -559 
-128  462  -28   79 -115  120   44  236  -51  -67 -494  319  228  179  255 -227  -91  392  -60 -557 
 -71  350   15   69 -116  139  116  147   44  -65 -458  210  161  251  376 -151  -27  270   34 -434 
 -65  333   89  -18 -142  123  228   56  149 -150 -489  234  120  335  291 -150   70  155   43 -386 
  33  239  151   -2 -215  101  156   -8  173 -236 -466  318   13  238  219  -85   62  197  137 -322 
 -18  309   34   57 -141   18   85 -124  120 -270 -347  209  -69  222  132  -85  117  162   86 -247 
 -64  227   76  107  -67   74   32 -190  216 -179 -357  252   11  184   76 -164  147  248  208 -248 
  29  102   74   93 -146   78   37  -99  267 -141 -472  208   41  147  -27  -39  224  160  242 -215 
 145   76   60  121 -229  102    7 -102  182  -99 -403  274  111  232  -42   11  262  173  148 -192 
 186  -16  114  116 -107  129   15 -204  263  -49 -331  191  195  176   11  -45  175   59  163  -99 
 204   14   10   44 -173   11  -95  -93  154   38 -212  101  107   69  129 -144   96  170  114    5 
  98   11   62    8 -193   40  -15   -1   48  -51 -101   50   48    9   30  -81  -23  220   -3   11 
  45   88  -19  124 -125  -72   85  -48    7  -58 -118   -8   20 -113  -24 -107  -35  120   -4 -110 
20
-258   70   95  -27 -339  198 -160 -186  209  204 -595  231  233  186  276 -169   -4  166  572 -277 
-127  178  -11  -11 -381   84   49 -140  156   34 -681  255  304  -52  363 -385 -102  201  458 -341 
  -6  236   39  -37 -291   69   95 -114  200  156 -646  331  195   12  406 -280 -142  294  380 -418 
 -22  267  -46 -153 -242  122  126  -48  124   45 -566  354  300   22  386 -262  -68  370  263 -304 
  29  164   76  -83 -148  233  138   62  112  -36 -600  391  347   50  368 -185 -157  251  222 -410 
 -93  163   89  -20 -162  250  144  -47   78   48 -587  464  328   74  313 -176  -83  336  115 -504 
-209  285  167   29  -44  137   64   69  152  -26 -636  406  306   -1  290 -268   42  445  -10 -569 
 -98  382   58  135  -87  232   -4  177   73   34 -574  403  322   77  221 -256  -83  471  -40 -559 
-128  462  -28   79 -115  120   44  236  -51  -67 -494  319  228  179  255 -227  -91  392  -60 -557 
 -71  350   15   69 -116  139  116  147   44  -65 -458  210  161  251  376 -151  -27  270   34 -434 
 -65  333   89  -18 -142  123  228   56  149 -150 -489  234  120  335  291 -150   70  155   43 -386 
  33  239  151   -2 -215  101  156   -8  173 -236 -466  318   13  238  219  -85   62  197  137 -322 
 -18  309   34   57 -141   18   85 -124  120 -270 -347  209  -69  222  132  -85  117  162   86 -247 
 -64  227   76  107  -67   74   32 -190  216 -179 -357  252   11  184   76 -164  147  248  208 -248 
  29  102   74   93 -146   78   37  -99  267 -141 -472  208   41  147  -27  -39  224  160  242 -215 
 145   76   60  121 -229  102    7 -102  182  -99 -403  274  111  232  -42   11  262  173  148 -192 
 186  -16  114  116 -107  129   15 -204  263  -49 -331  191  195  176   11  -45  175   59  163  -99 
 204   14   10   44 -173   11  -95  -93  154   38 -212  101  107   69  129 -144   96  170  114    5 
  98   11   62    8 -193   40  -15   -1   48  -51 -101   50   48    9   30  -81  -23  220   -3   11 
  45   88  -19  124 -125  -72   85  -48    7  -58 -118   -8   20 -113  -24 -107  -35  120   -4 -110 
20
-213  158   76   97 -464  126  -75 -234  216  146 -713  223  253   73  252 -276  -39  286  568 -387 
-127  178  -11  -11 -381   84   49 -140  156   34 -681  255  304  -52  363 -385 -102  201  458 -341 
  -6  236   39  -37 -291   69   95 -114  200  156 -646  331  195   12  406 -280 -142  294  380 -418 
 -22  267  -46 -153 -242  122  126  -48  124   45 -566  354  300   22  386 -262  -68  370  263 -304 
  29  164   76  -83 -148  233  138   62  112  -36 -600  391  347   50  368 -185 -157  251  222 -410 
 -93  163   89  -20 -162  250  144  -47   78   48 -587  464  328   74  313 -176  -83  336  115 -504 
-209  285  167   29  -44  137   64   69  152  -26 -636  406  306   -1  290 -268   42  445  -10 -569 
 -98  382   58  135  -87  232   -4  177   73   34 -574  403  322   77  221 -256  -83  471  -40 -559 
-128  462  -28   79 -115  120   44  236  -51  -67 -494  319  228  179  255 -227  -91  392  -60 -557 
 -71  350   15   69 -116  139  116  147   44  -65 -458  210  161  251  376 -151  -27  270   34 -434 
 -65  333   89  -18 -142  123  228   56  149 -150 -489  234  120  335  291 -150   70  155   43 -386 
  33  239  151   -2 -215  101  156   -8  173 -236 -466  318   13  238  219  -85   62  197  137 -322 
 -18  309   34   57 -141   18   85 -124  120 -270 -347  209  -69  222  132  -85  117  162   86 -247 
 -64  227   76  107  -67   74   32 -190  216 -179 -357  252   11  184   76 -164  147  248  208 -248 
  29  102   74   93 -146   78   37  -99  267 -141 -472  208   41  147  -27  -39  224  160  242 -215 
 145   76   60  121 -229  102    7 -102  182  -99 -403  274  111  232  -42   11  262  173  148 -192 
 186  -16  114  116 -107  129   15 -204  263  -49 -331  191  195  176   11  -45  175   59  163  -99 
 204   14   10   44 -173   11  -95  -93  154   38 -212  101  107   69  129 -144   96  170  114    5 
  98   11   62    8 -193   40  -15   -1   48  -51 -101   50   48    9   30  -81  -23  220   -3   11 
  45   88  -19  124 -125  -72   85  -48    7  -58 -118   -8   20 -113  -24 -107  -35  120   -4 -110 
20
-213  158   76   97 -464  126  -75 -234  216  146 -713  223  253   73  252 -276  -39  286  568 -387 
-127  178  -11  -11 -381   84   49 -140  156   34 -681  255  304  -52  363 -385 -102  201  458 -341 
  -6  236   39  -37 -291   69   95 -114  200  156 -646  331  195   12  406 -280 -142  294  380 -418 
 -22  267  -46 -153 -242  122  126  -48  124   45 -566  354  300   22  386 -262  -68  370  263 -304 
  29  164   76  -83 -148  233  138   62  112  -36 -600  391  347   50  368 -185 -157  251  222 -410 
 -93  163   89  -20 -162  250  144  -47   78   48 -587  464  328   74  313 -176  -83  336  115 -504 
-209  285  167   29  -44  137   64   69  152  -26 -636  406  306   -1  290 -268   42  445  -10 -569 
 -98  382   58  135  -87  232   -4  177   73   34 -574  403  322   77  221 -256  -83  471  -40 -559 
-128  462  -28   79 -115  120   44  236  -51  -67 -494  319  228  179  255 -227  -91  392  -60 -557 
 -71  350   15   69 -116  139  116  147   44  -65 -458  210  161  251  376 -151  -27  270   34 -434 
 -65  333   89  -18 -142  123  228   56  149 -150 -489  234  120  335  291 -150   70  155   43 -386 
  33  239  151   -2 -215  101  156   -8  173 -236 -466  318   13  238  219  -85   62  197  137 -322 
 -18  309   34   57 -141   18   85 -124  120 -270 -347  209  -69  222  132  -85  117  162   86 -247 
 -64  227   76  107  -67   74   32 -190  216 -179 -357  252   11  184   76 -164  147  248  208 -248 
  29  102   74   93 -146   78   37  -99  267 -141 -472  208   41  147  -27  -39  224  160  242 -215 
 145   76   60  121 -229  102    7 -102  182  -99 -403  274  111  232  -42   11  262  173  148 -192 
 186  -16  114  116 -107  129   15 -204  263  -49 -331  191  195  176   11  -45  175   59  163  -99 
 204   14   10   44 -173   11  -95  -93  154   38 -212  101  107   69  129 -144   96  170  114    5 
  98   11   62    8 -193   40  -15   -1   48  -51 -101   50   48    9   30  -81  -23  220   -3   11 
  45   88  -19  124 -125  -72   85  -48    7  -58 -118   -8   20 -113  -24 -107  -35  120   -4 -110 
