318
195
280
397
391
317
403
539
271
583
924
468
250
315
235
544
885
1057
261
238
372
310
351
561
411
580
362
618
509
1004
792
523
233
243
534
919
1294
647
261
238
522
506
541
631
560
439
424
927
932
815
997
391
325
638
706
1320
1041
647
261
238
570
696
561
838
367
538
685
1270
705
1077
869
375
551
843
1107
1169
1041
647
261
238
760
716
662
459
387
680
1052
987
1005
949
656
723
524
1188
956
1169
1041
647
261
238
780
734
386
517
663
1089
736
1287
877
736
1055
934
925
962
956
1169
1041
647
261
238
798
517
476
504
1089
946
1036
1159
751
1135
1238
1279
774
962
956
1169
1041
647
261
238
597
506
434
912
946
1026
908
946
1080
1307
1564
1099
774
962
956
1169
1041
647
261
238
656
325
728
746
1026
870
725
1355
1222
1652
1277
1099
774
962
956
1169
1041
647
261
238
520
439
590
826
884
669
1191
1520
1524
1365
1277
1099
774
962
956
1169
1041
647
261
238
712
347
698
603
669
1031
1356
1864
1241
1365
1277
1099
774
962
956
1169
1041
647
261
238
407
501
475
489
970
1269
1700
1581
1241
1365
1277
1099
774
962
956
1169
1041
647
261
238
478
405
452
723
1147
1614
1417
1581
1241
1365
1277
1099
774
962
956
1169
1041
647
261
238
533
437
563
1115
1551
1371
1417
1581
1241
1365
1277
1099
774
962
956
1169
1041
647
261
238
632
464
946
1523
1287
1371
1417
1581
1241
1365
1277
1099
774
962
956
1169
1041
647
261
238
698
792
1347
1365
1287
1371
1417
1581
1241
1365
1277
1099
774
962
956
1169
1041
647
261
238
1090
1193
1196
1365
1287
1371
1417
1581
1241
1365
1277
1099
774
962
956
1169
1041
647
261
238
1491
1042
1196
1365
1287
1371
1417
1581
1241
1365
1277
1099
774
962
956
1169
1041
647
261
238
1340
1042
1196
1365
1287
1371
1417
1581
1241
1365
1277
1099
774
962
956
1169
1041
647
261
238
1340
1042
1196
1365
1287
1371
1417
1581
1241
1365
1277
1099
774
962
956
1169
1041
647
261
238
