1
100
32716 
32365 
32295 
31986 
31748 
31043 
31028 
30002 
29908 
29849 
29411 
29196 
29196 
29009 
28988 
28334 
28309 
27713 
26909 
26568 
26348 
25185 
25026 
24949 
24940 
24822 
23530 
22991 
22772 
22054 
21694 
21483 
21480 
21443 
20554 
20177 
19990 
18903 
18828 
18372 
18338 
18096 
18025 
17593 
17384 
16970 
16367 
16322 
16018 
15731 
15598 
15153 
14292 
14058 
13863 
13800 
13548 
13545 
13532 
12801 
12480 
12235 
11890 
11161 
10745 
10358 
10096 
9999 
9992 
9676 
9530 
9316 
9011 
8765 
8587 
8056 
7590 
7488 
7020 
6603 
6247 
5933 
5691 
5495 
5288 
4324 
4263 
3454 
3301 
2275 
2104 
2079 
1645 
1511 
1347 
923 
873 
814 
457 
409 
