1
100
25185 
5933 
21483 
16018 
9992 
9676 
10358 
32365 
21443 
20554 
29009 
9316 
30002 
26568 
7020 
29411 
23530 
14058 
6603 
7590 
13863 
1645 
2079 
26909 
12480 
21694 
17384 
27713 
26348 
16367 
2104 
18372 
15153 
17593 
10745 
18903 
923 
29196 
18828 
24822 
3454 
8587 
1347 
18338 
5288 
21480 
29196 
18025 
29908 
9999 
7488 
31028 
32716 
28334 
4263 
457 
873 
5495 
409 
15598 
22991 
19990 
12235 
24949 
29849 
18096 
28988 
28309 
6247 
20177 
13545 
814 
31043 
31748 
4324 
12801 
14292 
31986 
5691 
22054 
13548 
9011 
8765 
11161 
2275 
16322 
3301 
22772 
10096 
25026 
16970 
11890 
24940 
13800 
15731 
8056 
9530 
13532 
32295 
1511 
